Aleksandrow Kujawski|7,23|12335|51.75|22.25
Aleksandrow Lodzki|13,82|21380|50.6|23.1667
Alwernia|8,88|3402|50.2667|22.7
Andrychow|10,33|20731|51.2667|19.9833
Annopol|7,73|2610|52.8833|18.7
Augustow|80,9|30373|51.8167|19.3167
Babimost|3,65|3968|52.3333|18.6833
Baborow|11,86|2956|50.0667|19.4333
Baranow Sandomierski|9,15|1485|52.15|15.8333
Barcin|3,7|7572|50.15|17.9833
Barczewo|4,58|7376|52.7|20.25
Bardo|4,71|2607|50.8|21.2333
Barlinek|17,55|14010|54.1|22.65
Bartoszyce|11,79|24001|49.35|22.2833
Barwice|7,52|3766|51.0167|21.5333
Belchatow|34,64|58326|53.1|14.6333
Belzyce|23,46|6588|54.25|22.05
Bedzin|37,37|57555|53.1333|26.0333
Biala|14,72|2460|53.1833|21.3
Biala Piska|3,24|4046|51.2667|18.0
Biala Podlaska|49,4|57303|51.5667|22.15
Biala Rawska|9,53|3212|52.1167|20.4667
Bialobrzegi|7,51|7015|50.5|21.55
Bialogard|25,73|24368|54.2167|21.35
Bialy Bor|12,82|2170|52.8667|17.95
Bialystok|102,13|296628|53.8333|20.6833
Biecz|17,71|4614|50.5167|16.75
Bielawa|36,21|30357|53.7667|22.8333
Bielsk Podlaski|27,01|25817|52.9833|15.2167
Bielsko-Biala|124,51|172030|54.25|20.8
Bierun|40,49|19645|52.5|19.25
Bierutow|8,36|4981|53.7333|16.35
Biezun|12,07|1908|50.8333|22.5
Bilgoraj|21,1|26506|52.7|18.7833
Biskupiec|5|10585|52.2167|19.5667
Bisztynek|2,16|2418|50.25|20.6
Blachownia|36,66|9738|51.8333|20.8167
Blaszki|1,62|2196|51.3667|19.3667
Blazowa|4,23|2174|51.1667|22.2833
Blonie|9,09|12371|49.9|19.05
Bobolice|4,77|4129|51.5833|19.75
Bobowa|7,18|3101|50.3167|19.1333
Bochnia|29,87|30048|54.2|15.9833
Bodzentyn|8,65|2241|50.3833|17.6667
Bogatynia|59,88|17984|51.2667|18.45
Boguchwala|9,11|6056|53.6167|22.0667
Boguszow-Gorce|27,02|15733|52.0333|23.1167
Bojanowo|2,34|2952|51.8|20.4833
Boleslawiec|23,57|39167|51.3|20.3
Bolkow|7,68|5093|53.1|17.9167
Borek Wielkopolski|6,29|2525|50.1167|22.35
Borne Sulinowo|18,15|4893|51.65|20.95
Braniewo|12,41|17123|54.0|15.9833
Bransk|32,43|3796|50.9833|23.7333
Brodnica|23,15|28625|53.1|17.1167
Brok|28,06|1953|52.7|23.8667
Brusy|5,2|5172|53.7333|16.8333
Brwinow|10,1|13380|49.3667|20.0333
Brzeg|14,61|36292|53.1333|23.1667
Brzeg Dolny|17,2|12460|49.7333|21.2667
Brzesko|11,92|16959|52.3333|22.25
Brzeszcze|19,04|11430|50.7|16.6167
Brzesc Kujawski|7,04|4679|52.0667|19.65
Brzeziny|21,58|12514|53.2|14.7167
Brzostek|8,76|2721|50.85|20.9167
Brzozow|11,46|7516|52.6833|19.8
Buk|2,96|6126|52.7667|23.2
Bukowno|64,59|10320|49.8333|19.0667
Busko-Zdroj|12,28|16319|50.2833|18.2667
Bychawa|6,69|5013|51.1167|17.55
Byczyna|5,79|3652|53.0333|15.6667
Bydgoszcz|175,98|353938|54.1333|16.05
Bystrzyca Klodzka|10,74|10340|52.95|19.8667
Bytom|69,44|169617|50.5333|22.7167
Bytom Odrzanski|2,3|4391|49.7|22.4667
Bytow|8,72|17029|49.9667|20.1167
Cedynia|1,67|1615|54.25|18.85
Chelm|35,28|63734|52.8833|14.2
Chelmek|8,27|9113|52.15|21.7333
Chelmno|13,56|19991|53.5833|18.0167
Chelmza|7,84|14769|51.8833|18.3
Checiny|14,13|4373|52.05|21.3833
Chmielnik|7,8|3831|52.6333|22.2333
Chocianow|9|8074|54.45|17.7333
Chociwel|3,67|3174|50.4167|19.9333
Chocz|6,88|1799|52.1833|19.9333
Chodecz|1,39|1891|51.1333|23.4833
Chodziez|12,77|19063|50.1|19.2333
Chojna|12,58|7447|49.6333|20.6667
Chojnice|21,04|40004|53.35|18.4333
Chojnow|5,32|13727|53.2|18.6
Choroszcz|16,79|5815|50.8|20.45
Chorzele|17,51|3072|51.25|20.7667
Chorzow|33,24|109398|49.95|22.6833
Choszczno|9,58|15437|50.6167|20.75
Chrzanow|38,32|37291|49.9833|22.1167
Ciechanowiec|19,53|4750|54.3333|18.1
Ciechanow|32,78|44383|52.5|19.0167
Ciechocinek|15,26|10526|51.4167|15.9
Cieszanow|15,06|1946|53.45|15.3167
Cieszyn|28,61|35102|51.9667|17.8833
Ciezkowice|9,99|2454|54.75|17.8833
Cybinka|5,29|2798|52.4|19.0333
Czaplinek|13,62|7143|51.1167|22.1333
Czarna Bialostocka|14,28|9478|52.25|19.0333
Czarna Woda|9,94|2853|52.9833|16.9167
Czarne|46,43|6030|52.9667|14.4167
Czarnkow|10,17|10898|53.7|17.55
Czchow|14,09|2375|51.2833|15.9333
Czechowice-Dziedzice|32,91|35631|53.15|22.9833
Czeladz|16,38|32078|49.65|21.6833
Czempin|3,32|5317|53.15|22.9833
Czerniejewo|10,19|2637|53.2667|20.8833
Czersk|9,73|9951|50.3|18.95
Czerwiensk|9,36|4108|53.1667|15.4
Czerwionka-Leszczyny|37,63|28329|52.2333|21.75
Czestochowa|159,71|226225|53.95|19.25
Czlopa|6,27|2354|50.1333|19.4
Czluchow|12,78|13946|50.7667|22.6
Czyzew|5,23|2637|50.6667|18.0667
Cmielow|13,34|3051|52.6333|16.2333
Daleszyce|15,5|2922|54.3667|17.5667
Darlowo|20,21|13943|49.45|19.8667
Dabie|8,8|2020|49.8333|19.0167
Dabrowa Bialostocka|22,64|5657|50.8|20.8
Dabrowa Gornicza|188,73|121802|51.8833|19.1
Dabrowa Tarnowska|23,07|11907|52.8333|17.5
Debrzno|7,51|5150|54.5|17.2833
Debica|33,83|46289|54.4167|16.4
Deblin|38,33|16526|52.15|19.1833
Debno|19,51|13983|52.05|27.2333
Dobczyce|12,97|6434|52.0833|18.8167
Dobiegniew|5,69|3091|52.0167|15.1667
Dobra|1,84|1408|50.6833|17.75
Dobra|2,37|2334|52.7333|17.95
Dobre Miasto|4,86|10414|53.65|23.35
Dobrodzien|19,53|3754|52.7833|18.5333
Dobrzany|5,34|2336|53.1833|18.3
Dobrzyca|19,7|3173|50.3167|19.2667
Dobrzyn nad Wisla|5,41|2221|50.1833|20.9833
Dolsk|6,2|1571|50.85|19.55
Drawno|5,03|2283|52.3167|19.0833
Drawsko Pomorskie|22,33|11724|52.4833|21.2833
Drezdenko|10,72|10340|53.4333|20.05
Drobin|9,65|2950|53.55|17.2333
Drohiczyn|15,69|2030|52.6667|15.3
Drzewica|4,81|3913|52.2|21.4333
Dukla|5,48|2126|50.05|21.4167
Duszniki-Zdroj|22,28|4745|51.5667|21.8667
Dynow|24,55|6180|54.3833|17.1667
Dzialdowo|11,47|21355|49.9667|20.7167
Dzialoszyce|1,92|926|52.7333|14.7
Dzialoszyn|4,94|6040|51.6|23.0167
Dzierzgon|3,9|5474|53.25|19.1
Dzierzoniow|20,07|33785|49.6833|21.4667
Dziwnow|6,14|2718|49.8|18.7167
Elblag|79,82|121191|51.1667|17.2
Elk|21,05|61074|52.7667|21.6
Frampol|4,67|1450|52.7167|19.1
Frombork|7,59|2390|51.1|22.95
Garwolin|22,08|17338|50.0333|22.3667
Gabin|27,95|4140|51.3333|18.2667
Gdansk|261,96|463754|51.5|21.6167
Gdynia|135,14|246991|51.35|22.35
Gizycko|13,72|29642|53.6167|18.95
Glinojeck|7,37|3069|51.9|21.6333
Gliwice|133,88|182156|50.1167|18.4333
Glogow|35,11|68292|51.6333|15.8833
Glogow Malopolski|13,71|6290|52.4|19.7167
Glogowek|22,06|5573|52.7667|17.75
Glowno|19,84|14534|54.3667|18.6333
Glubczyce|12,54|12735|49.9|20.2
Glucholazy|6,83|13780|54.5333|18.5333
Gluszyca|16,21|6509|54.0333|23.3667
Gniew|6,04|6840|50.9667|19.4667
Gniewkowo|9,18|7176|51.4|20.4667
Gniezno|40,6|69137|50.2167|18.7167
Gogolin|20,35|6592|53.75|20.25
Golczewo|7,42|2690|49.7|19.3
Goleniow|11,78|22579|52.05|17.7833
Golina|3,52|4501|54.0333|21.7833
Golub-Dobrzyn|7,5|12839|52.8167|20.2833
Golancz|12,64|3321|50.2833|18.6667
Goldap|17,2|13771|55.1333|27.6833
Goniadz|4,28|1824|51.65|16.0833
Gorlice|23,53|27903|50.15|21.9667
Gorzow Slaski|18,54|2460|50.35|17.85
Gorzow Wielkopolski|85,72|123995|51.6333|21.3333
Gostynin|32,4|18741|51.9667|19.7167
Gostyn|11,09|20142|54.6167|17.3667
Goscino|5,7|2411|50.2|17.8333
Gozdnica|23,92|3172|50.3167|17.3833
Gora|13,65|12084|51.7833|20.0667
Gora Kalwaria|13,67|11868|51.2|22.6
Gorowo Ilaweckie|3,32|4068|50.6833|16.3667
Gorzno|3,43|1440|53.85|18.8167
Grabow nad Prosna|2,58|1958|54.7167|18.0167
Grajewo|18,94|22130|52.9|18.4167
Grodkow|9,88|8706|51.4667|21.8167
Grodzisk Mazowiecki|13,19|30593|52.5333|17.6
Grodzisk Wielkopolski|18,21|14519|49.9|20.6
Grojec|8,57|16573|50.6167|20.85
Grudziadz|57,76|95964|54.0833|19.9
Grybow|16,95|6074|49.9333|18.4833
Gryfice|12,4|16719|51.8833|20.0333
Gryfino|9,58|21477|51.65|18.1833
Gryfow Slaski|6,63|6693|50.7667|22.4833
Gubin|20,68|16773|50.5|18.0333
Hajnowka|21,29|21131|49.6667|21.9
Halinow|2,84|3715|52.75|23.5833
Hel|21,72|3444|52.2333|21.35
Hrubieszow|33,03|18075|51.7167|23.5167
Ilawa|21,88|33108|50.1|20.3
Ilowa|9,18|3964|53.6|19.5667
Ilza|15,83|4862|51.5|15.2
Imielin|27,99|8896|53.1667|20.3
Inowroclaw|30,42|73968|52.35|20.0333
Insko|7,48|1964|51.1667|21.25
Iwonicz-Zdroj|5,89|1838|50.5833|20.4333
Izbica Kujawska|2,24|2683|51.5333|20.2167
Jablonowo Pomorskie|3,35|3790|49.4833|19.7
Janikowo|9,51|8894|51.0833|22.6
Janowiec Wielkopolski|3,04|4002|52.3833|20.9
Janow Lubelski|14,8|12007|52.4833|22.45
Jaraczewo|10,07|1462|53.4|19.0667
Jarocin|15,94|26295|53.4|19.0667
Jaroslaw|34,61|38217|51.7167|23.0833
Jasien|4,79|4381|52.4833|21.6333
Jaslo|36,52|35713|52.0833|20.5333
Jastarnia|4,31|2734|52.2167|21.6833
Jastrowie|72,3|8668|52.75|18.1
Jastrzebie-Zdroj|85,33|89883|50.8833|15.9167
Jawor|18,8|23473|51.3167|21.9
Jaworzno|152,59|92473|53.3|20.5167
Jaworzyna Slaska|4,34|5185|52.75|17.4833
Jedlicze|10,6|5752|53.3167|20.6667
Jedlina-Zdroj|17,45|4930|50.7167|19.4333
Jedwabne|4,54|1638|53.4667|23.2333
Jelcz-Laskowice|17,06|15863|50.7|22.4167
Jelenia Gora|109,22|80524|52.2|23.2167
Jeziorany|3,41|3264|51.9667|17.3
Jedrzejow|11,37|15484|50.4333|23.5833
Jordanow|21,03|5351|50.5667|22.3333
Jozefow|5|2512|51.9667|17.5
Jozefow|23,91|20362|50.0333|22.7
Jutrosin|1,62|1944|49.8167|18.9333
Kalety|76,29|8616|53.1167|16.8667
Kalisz|69,42|102249|53.2333|21.4667
Kalisz Pomorski|11,96|4383|50.5667|18.9
Kalwaria Zebrzydowska|5,5|4606|53.8833|22.6833
Kaluszyn|12,3|2920|53.9167|18.2167
Kamienna Gora|18,04|19522|51.7667|18.1
Kamien Krajenski|3,65|2401|53.2833|15.9
Kamien Pomorski|10,74|8868|49.8833|19.6667
Kamiensk|11,99|2821|52.2167|21.8167
Kanczuga|7,6|3212|49.5667|20.35
Karczew|28,12|9974|50.6833|19.15
Kargowa|4,55|3753|52.1667|16.45
Karlino|9,4|5933|50.5333|16.8667
Karpacz|37,99|4770|50.7833|16.0333
Kartuzy|6,8|14716|50.5667|17.15
Katowice|164,64|298111|50.3333|22.15
Kazimierz Dolny|30,44|2594|51.1|23.5833
Kazimierza Wielka|5,33|5643|51.6333|24.9667
Katy Wroclawskie|8,61|6708|53.5333|17.5167
Kcynia|6,84|4697|53.9667|14.7667
Kedzierzyn-Kozle|123,71|62088|51.2167|19.5
Kepice|6,11|3689|51.4833|22.4667
Kepno|7,79|14309|50.1167|24.3333
Ketrzyn|10,35|27493|49.5833|20.8167
Kety|23,05|18984|52.2667|20.4667
Kielce|109,65|197704|49.9833|22.4167
Kietrz|18,74|6044|52.0667|21.25
Kisielice|3,37|2130|51.2333|22.0167
Kleczew|7,8|4200|52.0667|15.8667
Kleszczele|46,71|1326|54.0333|15.8833
Kluczbork|12,35|24000|54.0167|15.05
Klecko|9,62|2658|52.8333|20.9833
Klobuck|47,46|13052|50.7833|15.7333
Klodawa|4,31|6573|53.9|17.9167
Klodzko|24,84|27395|54.3333|18.2
Knurow|33,95|38652|50.25|19.0
Knyszyn|23,68|2823|51.9|18.5333
Kobylin|4,87|3269|51.2833|21.4667
Kobylka|19,64|22459|52.3167|18.1667
Kock|16,78|3357|51.3167|21.9667
Kolbuszowa|7,94|9189|50.2667|20.4833
Kolno|25,07|10444|52.5|16.5833
Kolonowskie|55,7|3336|51.9|22.7
Koluszki|9,9|13246|51.0333|16.7667
Kolaczyce|7,15|1418|52.9833|17.4833
Kolo|13,85|22396|50.35|18.2
Kolobrzeg|25,67|46463|54.25|16.8667
Koniecpol|36,92|6050|51.2833|17.9833
Konin|82,2|75342|53.5667|17.5667
Konstancin-Jeziorna|17,74|17184|54.0833|21.3833
Konstantynow Lodzki|27,25|17892|49.8833|19.2167
Konskie|17,7|19712|50.8833|20.6167
Koprzywnica|17,9|2523|51.2333|18.9833
Korfantow|10,23|1842|52.2667|19.8667
Koronowo|28,15|11268|50.0833|18.0167
Korsze|4,03|4360|50.6|20.5667
Kosow Lacki|11,57|2160|53.2667|18.45
Kostrzyn|7,98|9669|52.9167|19.1167
Kostrzyn nad Odra|46,14|18055|53.6|19.25
Koszalin|98,34|107680|52.5833|17.2667
Koscian|8,79|23922|50.8333|25.45
Koscierzyna|15,86|23847|54.1|20.7667
Kowal|4,68|3554|52.3667|18.1833
Kowalewo Pomorskie|4,45|4220|52.4|21.3333
Kowary|37,39|11188|52.5833|23.3333
Kozieglowy|26,71|2459|52.3333|17.1667
Kozienice|10,45|17715|51.2167|19.3
Kozmin Wielkopolski|5,89|6624|50.6667|21.45
Kozuchow|5,94|9519|51.4167|18.4333
Kornik|5,99|7773|50.9667|18.2167
Krajenka|3,76|3733|50.3333|19.5667
Krakow|326,85|765320|50.9333|19.9167
Krapkowice|21,01|16615|51.35|19.2333
Krasnobrod|6,99|3133|52.7833|22.5167
Krasnystaw|42,13|18980|51.5333|20.6333
Krasnik|26,1|34985|50.0|20.3
Krobia|7,05|4290|52.6167|17.4333
Krosno|43,5|46565|50.9167|18.9333
Krosno Odrzanskie|8,15|11606|51.7333|21.9667
Krosniewice|4,18|4458|52.25|18.9167
Krotoszyn|22,54|29143|52.7833|15.2
Kruszwica|6,64|8995|50.45|16.65
Krynica Morska|116,01|1323|50.9333|19.3667
Krynica-Zdroj|39,68|10864|50.2167|18.6833
Krynki|3,83|2441|53.3|22.9167
Krzanowice|3,08|2197|51.0333|19.6167
Krzepice|27,66|4480|50.9667|16.9333
Krzeszowice|16,97|10084|52.2167|24.35
Krzywin|2,27|1686|51.3833|17.85
Krzyz Wielkopolski|5,81|6238|53.35|14.85
Ksiaz Wielkopolski|1,96|2753|51.7|17.2333
Kudowa-Zdroj|33,9|10085|53.1|22.6833
Kunow|7,26|2991|54.45|16.9833
Kutno|33,59|44718|52.35|21.1833
Kuznia Raciborska|31,49|5374|50.7167|18.75
Kwidzyn|21,54|38618|52.2333|20.0167
Ladek-Zdroj|20,32|5715|50.1333|20.1
Legionowo|13,54|54137|52.5833|22.15
Legnica|56,29|100718|49.85|19.5667
Lesko|15,33|5529|49.7667|20.45
Leszno|31,86|64159|50.8833|18.2333
Lesna|8,56|4582|50.0333|22.9
Lesnica|14,5|2685|52.0333|21.8167
Lewin Brzeski|11,64|5823|52.2|17.95
Lezajsk|20,58|14001|50.35|16.8667
Lebork|17,86|35378|52.4167|20.9333
Ledziny|31,65|16726|51.2167|16.1667
Libiaz|35,85|17203|51.15|16.25
Lidzbark|5,68|7996|53.1833|21.5667
Lidzbark Warminski|14,35|16040|54.3167|20.2333
Limanowa|18,7|15138|50.6833|19.6167
Lipiany|5,54|4008|52.4|20.5333
Lipno|10,99|14578|49.4667|22.3333
Lipsk|4,98|2406|50.1333|18.65
Lipsko|15,7|5674|51.85|16.5667
Lubaczow|25,73|12179|52.2667|20.6
Luban|16,12|21402|52.0833|20.9333
Lubartow|13,91|22220|51.0167|15.2667
Lubawa|16,84|10199|52.1333|23.0167
Lubawka|22,44|6172|50.4333|18.2
Lubien Kujawski|2,31|1377|50.9833|23.4833
Lubin|40,77|73154|50.75|17.6167
Lublin|147,47|340466|50.2667|22.4333
Lubliniec|89,36|23975|54.55|17.75
Lubniewice|12,11|2037|51.15|19.3167
Lubomierz|8,05|1922|50.1167|19.3167
Lubon|13,51|31375|54.1167|18.9167
Lubraniec|1,97|3074|53.8833|25.3
Lubsko|12,51|14221|53.2667|19.8167
Lubycza Krolewska|3,92|2468|54.1167|20.5833
Lwowek|3,16|3015|49.7167|20.4167
Lwowek Slaski|16,65|9051|54.4667|17.9333
Labiszyn|2,89|4517|54.0667|18.2333
Lancut|19,42|17749|51.9|19.9333
Lapy|12,14|15757|53.0|14.8667
Lasin|4,79|3347|51.0167|18.8
Lask|15,67|17604|49.6667|21.3
Laskarzew|15,35|4898|51.6333|15.0
Laszczow|5,01|2170|53.5|17.25
Laziska Gorne|20,07|22427|52.85|19.1667
Lazy|8,6|6948|53.9833|17.4
Leba|14,81|3734|49.85|20.5167
Leczna|19|19300|50.7333|21.5
Leczyca|8,95|14362|51.9167|16.5667
Leknica|16,43|2508|52.85|19.1833
Lobez|12,84|10374|49.6833|19.0833
Lobzenica|3,25|2975|53.1|20.1667
Lochow|13,39|6827|53.7333|23.4
Lomianki|8,4|16780|51.15|21.6667
Lomza|32,67|62802|54.1|17.8
Losice|23,74|7092|53.3|18.6833
Lowicz|23,42|28811|50.0833|21.0167
Lodz|293,25|696503|51.8167|18.4
Lukow|35,75|30413|50.05|19.7667
Makow Mazowiecki|10,28|9930|51.7|21.5667
Makow Podhalanski|20,12|5950|51.7667|21.4
Malbork|17,16|38848|50.3833|21.75
Malogoszcz|9,68|3831|51.95|20.05
Malomice|5,37|3523|52.8667|21.1
Margonin|5,15|3018|49.7333|19.65
Marki|26,15|31687|51.95|18.4
Maszewo|5,54|3367|54.0333|19.0333
Miasteczko Slaskie|67,83|7416|51.2167|16.4833
Miastko|5,68|10632|54.3|16.5
Michalowo|2,15|3102|52.4667|20.1
Miechow|15,49|11765|53.9167|19.7333
Miejska Gorka|3,14|3266|52.7|22.0333
Mielec|46,89|60504|50.8167|20.2667
Mielno|33,45|2937|51.55|15.45
Mieroszow|10,31|4168|53.3|22.0333
Mieszkowice|5,25|3716|54.1167|16.3
Miedzyborz|6,41|2342|50.8833|16.5833
Miedzychod|6,98|10680|50.85|16.0333
Miedzylesie|14,37|2642|52.9667|17.0833
Miedzyrzec Podlaski|20,03|17003|53.3833|15.2667
Miedzyrzecz|10,26|18309|52.3333|21.1
Miedzyzdroje|4,5|5443|50.0333|22.3333
Mikolajki|9,32|3854|54.05|19.3667
Mikolow|79,21|40114|51.3833|22.2667
Mikstat|2,52|1868|51.1167|19.7833
Milanowek|13,44|16347|50.9|20.7167
Milicz|13,5|11552|53.5|15.05
Milakowo|8,76|2596|52.0667|14.9
Milomlyn|12,38|2445|49.8|22.95
Miloslaw|4,07|3609|51.2333|22.7833
Minsk Mazowiecki|13,18|40383|51.0667|16.1
Miroslawiec|2,32|3077|50.2833|20.95
Mirsk|14,66|3967|54.0|16.9667
Mlawa|34,8|31149|53.15|21.8333
Mlynary|2,76|1805|51.8833|21.8333
Modliborzyce|7,89|1453|50.7333|23.5167
Mogielnica|12,98|2297|50.1667|19.9833
Mogilno|8,32|12155|52.15|20.8833
Monki|7,66|10107|53.0333|23.6167
Morawica|4,38|1726|50.5|20.3833
Morag|6,11|14042|51.5167|22.3167
Mordy|4,54|1779|50.35|20.0333
Moryn|5,54|1614|50.9333|20.55
Mosina|13,5|13574|52.3833|15.95
Mragowo|14,81|21926|52.4667|22.1
Mrocza|5,01|4394|49.9833|19.0667
Mrozy|7,73|3538|50.9667|18.9833
Mszana Dolna|27,1|7941|49.6333|21.8
Mszczonow|8,56|6428|51.65|16.9667
Murowana Goslina|8,62|10404|50.2833|21.4333
Muszyna|24,43|4924|52.6667|17.5
Myslowice|65,62|74592|52.3333|23.05
Myszkow|73,59|32157|54.2667|16.0667
Myszyniec|11,22|3389|50.6667|16.1833
Myslenice|30,22|18412|50.45|19.1333
Mysliborz|15,04|11449|52.7833|14.4833
Naklo nad Notecia|10,82|18745|52.75|17.3333
Naleczow|13,82|3750|50.9833|16.65
Namyslow|22,61|16271|51.3833|17.6667
Narol|12,42|2124|52.6|15.8833
Nasielsk|12,57|7705|50.15|16.6833
Nekla|19,79|3721|52.5167|15.5667
Nidzica|6,86|14050|51.9833|22.8
Niemcza|19,81|3017|53.9333|14.4333
Niemodlin|13,11|6485|51.2|16.7333
Niepolomice|27,4|12000|53.8|21.5833
Nieszawa|9,79|1950|53.85|19.1667
Nisko|60,96|15353|50.1667|18.9
Nowa Deba|16,7|11260|51.5333|17.9667
Nowa Ruda|37,05|22636|51.7|22.9
Nowa Sarzyna|9,15|6016|52.1167|20.65
Nowa Sol|21,8|39258|52.5333|23.1333
Nowe|3,57|5994|54.2167|19.5333
Nowe Brzesko|7,26|1659|51.2167|22.9333
Nowe Miasteczko|3,29|2842|51.5333|17.2833
Nowe Miasto Lubawskie|11,37|11085|49.5667|19.0833
Nowe Miasto nad Pilica|11,25|3859|54.0167|20.0833
Nowe Skalmierzyce|1,58|4817|53.95|21.8833
Nowe Warpno|24,51|1220|51.2667|16.0667
Nowogard|12,57|16722|53.7667|19.8333
Nowogrodziec|16,1|4237|54.0167|18.9167
Nowogrod|20,55|2171|52.2167|17.5
Nowogrod Bobrzanski|14,63|5147|52.1833|21.55
Nowy Dwor Gdanski|5,07|9962|50.65|23.9
Nowy Dwor Mazowiecki|28,21|28548|53.3333|16.0833
Nowy Sacz|57,58|83993|51.1833|21.05
Nowy Staw|4,67|4185|50.9667|15.3833
Nowy Targ|51,07|33412|51.1333|21.05
Nowy Tomysl|5,2|14748|53.1167|20.3833
Nowy Wisnicz|4,97|2780|52.3|20.2
Nysa|27,51|44474|54.1833|19.7167
Oborniki|14,08|18435|50.6667|20.1
Oborniki Slaskie|14,46|9092|52.3|19.2
Obrzycko|3,74|2356|52.6333|16.8167
Odolanow|4,76|5138|51.3|16.9167
Ogrodzieniec|28,56|4308|50.6833|21.65
Okonek|6,01|3946|51.9667|18.8833
Olecko|11,54|16448|52.7167|21.25
Olesno|15,08|9439|52.7|16.5167
Oleszyce|5,08|3039|50.3167|22.9667
Olesnica|20,96|37366|49.5333|20.3167
Olkusz|25,65|36122|51.5667|17.6667
Olsztyn|88,33|172993|51.5167|20.55
Olsztynek|7,69|7656|50.45|19.5167
Olszyna|20,26|4378|52.7833|20.55
Olawa|27,36|32773|53.5333|16.85
Opalenica|6,42|9656|54.0333|22.5
Opatow|9,36|6580|50.8833|18.4167
Opatowek|8,68|3715|50.2167|20.9333
Opoczno|24,75|21635|50.1667|23.0333
Opole|148,88|128043|50.4667|21.0667
Opole Lubelskie|15,12|8673|51.2|17.3833
Orneta|9,63|8921|50.2833|19.0667
Orzesze|83,75|20572|49.4833|22.45
Orzysz|8,17|5673|52.15|22.6667
Osieczna|4,76|2301|50.8|17.4833
Osiek|17,43|1999|53.0667|21.5167
Ostroleka|28,63|52337|52.1833|18.8667
Ostrorog|1,25|1960|53.7833|20.5
Ostrowiec Swietokrzyski|46,43|70554|50.75|19.2667
Ostroda|14,15|33248|53.5833|20.2833
Ostrow Lubelski|29,77|2131|51.0667|15.3667
Ostrow Mazowiecka|22,27|22704|50.95|17.3
Ostrow Wielkopolski|41,9|72526|52.3167|16.4
Ostrzeszow|12,13|14349|50.25|20.7167
Osno Lubuskie|8,01|3888|50.9667|18.8
Oswiecim|30|38972|50.8167|21.4167
Otmuchow|27,82|4996|51.7333|18.2167
Otwock|47,31|44912|52.9167|20.7167
Ozimek|3,25|8907|51.3833|20.2833
Ozorkow|15,46|19809|50.6667|17.9333
Ozarow|7,79|4598|51.15|21.9833
Ozarow Mazowiecki|8,13|11139|52.2667|19.5667
Pabianice|32,99|66265|52.2167|20.8
Paczkow|6,6|7605|51.6667|19.3667
Pajeczno|20,23|6829|50.4|21.0333
Pakosc|3,46|5757|52.3|19.7167
Parczew|8,05|10802|50.4667|17.0167
Paslek|10,63|12292|50.4333|21.5167
Pasym|15,18|2542|51.15|19.0
Pelplin|4,42|8026|51.6167|17.0667
Pelczyce|13,07|2643|50.5333|17.3667
Piaseczno|16,22|47092|52.8|18.0833
Piaski|8,44|2608|50.8833|18.75
Piastow|5,76|22731|53.25|18.5667
Piechowice|43,22|6363|52.3|22.4667
Piekary Slaskie|39,98|55954|51.3167|20.1
Pieniezno|3,81|2850|54.2167|17.6833
Piensk|9,92|5912|51.6333|22.9167
Pieszyce|17,72|7230|51.9667|21.7
Pilawa|6,66|4532|51.95|19.2
Pilica|8,22|1938|54.0667|19.6667
Pilzno|16,04|4862|53.65|20.7833
Pila|102,68|73987|51.0333|16.1833
Pilawa Gorna|20,93|6569|50.0|22.6667
Pinczow|14,33|11021|49.9667|18.7167
Pionki|18,4|18732|50.25|18.05
Piotrkow Kujawski|9,76|4493|50.9667|21.1167
Piotrkow Trybunalski|67,24|74694|50.7|18.5833
Pisz|10,08|19449|51.1333|18.6333
Piwniczna-Zdroj|38,3|5919|49.75|19.9667
Pleszew|13,38|17537|53.9333|18.7
Plock|88,04|121295|53.0333|15.3
Plonsk|11,6|22279|52.5667|22.5667
Ploty|4,12|3982|51.2667|17.8167
Pniewy|9,32|7990|51.6333|16.2333
Pobiedziska|10,24|9154|51.8167|18.7333
Poddebice|5,87|7630|51.7667|17.1167
Podkowa Lesna|10,13|3853|52.0667|21.0333
Pogorzela|4,36|2075|51.8833|17.0667
Polanica-Zdroj|17,22|6486|51.1333|22.85
Polanow|7,37|2969|52.1833|20.85
Police|37,31|33090|52.0667|19.4667
Polkowice|23,74|22525|53.1833|22.0833
Polaniec|17,41|8204|50.85|15.5833
Polczyn-Zdroj|7,21|8265|53.75|21.3333
Poniatowa|15,26|9388|50.3833|18.95
Poniec|3,48|2844|50.8833|20.45
Poreba|39,99|8664|51.1167|15.8167
Poznan|261,91|540372|54.2333|20.1333
Prabuty|7,29|8735|51.25|15.0333
Praszka|9,35|7773|50.7|20.7333
Prochowice|9,85|3640|50.7167|16.5833
Proszowice|7,33|6074|50.0833|19.0833
Proszkow|16,22|2648|51.95|21.5333
Pruchnik|19,91|3778|50.2167|18.5667
Prudnik|20,5|21368|50.4833|19.65
Prusice|10,94|2234|49.9833|21.2833
Pruszcz Gdanski|16,47|30106|53.1667|16.75
Pruszkow|19,19|60866|50.6833|16.7333
Przasnysz|25,16|17289|50.5333|20.5333
Przeclaw|16,04|1739|52.1167|26.0667
Przedborz|6,08|3649|51.4833|21.45
Przedecz|2,98|1709|51.4|19.6833
Przemkow|6,17|6279|52.55|18.5
Przemysl|46,17|62154|53.6333|21.8
Przeworsk|22,13|15527|51.9833|23.3833
Przysucha|7,02|5978|49.4333|20.7
Pszczyna|22,49|25980|52.3|22.8167
Pszow|20,44|14186|51.0667|15.1833
Puck|4,79|11303|51.8833|17.7833
Pulawy|50,49|48408|49.9333|20.9333
Pultusk|23,07|19349|53.9|23.2667
Puszczykowo|16,39|9728|52.55|19.7
Pyrzyce|38,79|12694|52.9833|21.0667
Pyskowice|30,89|18412|52.6333|20.3833
Pyzdry|12,16|3185|54.2667|19.9333
Rabka-Zdroj|36,31|12925|52.1667|17.6833
Raciaz|8,4|4472|49.5667|19.8833
Raciborz|75,01|55404|49.6167|19.95
Radkow|15,03|2422|50.55|23.55
Radlin|12,53|17874|52.7833|20.1167
Radlow|16,83|2771|52.85|18.8
Radom|111,8|215020|50.0833|18.2333
Radomsko|51,43|46583|49.8333|20.1333
Radomysl Wielki|8,79|3168|50.3333|20.2333
Radymno|13,62|5358|53.9833|22.7833
Radziejow|5,69|5634|50.7667|22.8333
Radzionkow|13,2|16875|50.2167|21.1167
Radzymin|23,39|12377|50.7167|19.9833
Radzyn Chelminski|1,78|1867|50.5|16.4
Radzyn Podlaski|19,31|15922|50.9333|18.5333
Rajgrod|35,28|1598|50.0833|20.85
Rakoniewice|3,37|3573|51.4|21.1667
Raszkow|2,05|2100|53.0833|19.2
Rawa Mazowiecka|14,28|17561|51.0667|19.45
Rawicz|7,74|20533|50.6833|21.95
Recz|12,4|2955|50.2|21.2833
Reda|33,46|24630|51.0667|20.2667
Rejowiec|6,5|2107|53.6667|15.45
Rejowiec Fabryczny|14,28|4430|49.95|22.8333
Resko|4,49|4289|51.5667|15.8667
Reszel|3,82|4676|52.5833|19.8833
Rogozno|11,24|11179|52.95|20.0833
Ropczyce|47,1|15763|49.6333|19.1667
Rozan|6,66|2752|52.0167|20.55
Ruciane-Nida|17,07|4609|52.6333|18.5167
Ruda Slaska|77,73|139125|50.25|20.2333
Rudnik nad Sanem|36,6|6726|53.4167|22.4167
Rumia|30,1|48095|52.3667|23.0333
Rybnik|148,36|139252|52.4167|21.1833
Rychwal|9,7|2371|53.3833|18.9333
Rydultowy|14,95|21715|51.8|22.6333
Rydzyna|2,2|2775|49.5|19.1
Ryglice|25,15|2849|53.7333|22.7
Ryki|27,22|9818|52.15|16.2667
Rymanow|12,39|3770|50.6833|21.0333
Ryn|4,14|2900|50.2|22.2333
Rypin|10,96|16469|50.2667|21.9833
Rzepin|11,42|6606|51.7167|17.7333
Rzeszow|120,41|188021|52.1333|20.9167
Rzgow|16,77|3378|52.4333|19.4333
Sandomierz|28,69|23993|49.8|21.0333
Sanok|38,08|38272|52.5|22.3
Sejny|4,49|5543|53.1667|17.45
Serock|13,43|4285|51.7333|20.5167
Sedziszow|7,92|6568|53.6667|18.8833
Sedziszow Malopolski|9,96|7495|50.85|21.3833
Sepopol|4,63|2005|52.6333|21.85
Sepolno Krajenskie|6,55|9265|49.5333|23.1833
Sianow|15,88|6633|50.65|21.65
Siechnice|15,63|7081|50.6833|21.75
Siedlce|31,86|77020|52.3333|19.8667
Siedliszcze|13,16|1398|49.55|22.2167
Siemianowice Slaskie|25,5|67905|52.7333|15.4
Siemiatycze|36,25|14631|52.3167|22.8833
Sieniawa|6,74|2164|51.35|26.6
Sieradz|51,22|42762|51.2667|23.45
Sierakow|14,08|6042|50.7667|19.8333
Sierpc|18,59|18192|54.1|23.35
Siewierz|38,66|5513|51.4333|22.6667
Skalbmierz|7,13|1298|52.5167|21.0667
Skala|2,97|3803|51.7|22.3167
Skarszewy|10,79|7136|51.5167|19.0333
Skaryszew|27,49|4354|50.5833|20.0667
Skarzysko-Kamienna|64,39|46449|50.0667|21.7
Skawina|20,5|24317|49.6167|21.2
Skepe|7,48|3612|54.2667|21.0167
Skierniewice|34,6|48327|53.45|17.5333
Skoczow|9,85|14502|54.2167|16.3
Skoki|11,2|4233|53.2167|17.7833
Skorcz|3,63|3545|53.55|23.45
Skwierzyna|35,89|9732|51.55|21.75
Slawa|14,9|4333|52.1833|22.2833
Slawkow|36,67|7084|52.05|16.0
Slawno|15,83|12677|51.7667|15.8
Slomniki|3,43|4361|51.2|23.1667
Slubice|19,21|16800|51.1333|15.2
Slupca|10,3|13862|50.3|19.0333
Slupsk|43,15|91935|52.4333|22.8667
Sobotka|32,2|6965|52.8833|20.0167
Sochaczew|26,19|36971|51.6333|22.6
Sokolow Malopolski|15,54|4069|51.2|18.9
Sokolow Podlaski|17,51|18835|54.0333|15.5333
Sokolka|18,59|18403|50.1833|22.6167
Solec Kujawski|18,68|15660|52.1|21.6167
Sompolno|6,21|3607|51.0|23.3333
Sopot|17,28|36849|51.1|21.4833
Sosnowiec|91,06|205873|49.9167|19.9667
Sosnicowice|11,67|1871|51.6|18.7333
Stalowa Wola|82,52|62400|54.3667|17.8833
Starachowice|31,82|49939|52.65|16.0833
Stargard|48,08|68477|51.6333|17.9833
Starogard Gdanski|25,28|48167|52.8667|19.6667
Stary Sacz|15|9056|50.4667|19.2333
Staszow|26,88|15085|53.6167|16.4833
Stawiski|13,24|2268|50.8167|20.5667
Stawiszyn|0,99|1519|50.75|23.3833
Staporkow|10,94|5820|50.3333|20.4
Stepnica|3,4|2461|50.2333|19.85
Steszew|5,69|5956|54.0833|18.45
Stoczek Lukowski|9,15|2581|51.3167|21.25
Stopnica|4,55|1440|51.1167|20.85
Stronie Slaskie|2,38|5821|49.9833|19.8167
Strumien|6,29|3666|52.15|15.45
Strykow|8,15|3477|52.8667|19.35
Strzegom|20,49|16379|50.85|23.3667
Strzelce Krajenskie|5,54|10070|51.9667|20.1333
Strzelce Opolskie|29,97|18185|49.8|18.7167
Strzelin|10,34|12475|52.6667|17.15
Strzelno|4,46|5723|49.75|21.35
Strzyzow|13,89|8919|51.1667|18.3833
Sucha Beskidzka|27,65|9365|50.5833|17.3667
Suchan|3,57|1464|53.8|18.5333
Suchedniow|59,4|8536|52.1167|22.1333
Suchowola|25,95|2212|53.0167|19.6167
Sulechow|6,88|17069|52.4667|20.8833
Sulejow|26,26|6272|49.9833|21.1
Sulejowek|19,31|19489|52.4833|18.3333
Sulecin|8,56|10203|52.6|15.4833
Sulmierzyce|29,29|2906|50.3833|20.2833
Sulkowice|16,46|6594|51.8833|16.0667
Suprasl|5,69|4663|51.7667|23.5667
Suraz|33,86|983|50.2833|19.3333
Susz|6,67|5620|51.3833|20.15
Suwalki|65,51|69626|54.3667|16.65
Swarzedz|8,23|30893|53.8833|15.7
Sycow|17,05|10483|50.25|20.0833
Szadek|17,93|1976|53.1|25.3167
Szamocin|4,67|4312|52.5667|14.8
Szamotuly|11,08|18776|52.35|14.5667
Szczawnica|32,9|5844|52.3833|19.9333
Szczawno-Zdroj|14,74|5692|52.2833|17.8833
Szczebrzeszyn|29,12|5153|50.6|19.9667
Szczecin|300,6|404878|51.85|19.9667
Szczecinek|48,48|40362|54.4667|17.0333
Szczekociny|18,03|3718|53.7667|18.6833
Szczucin|6,85|4170|54.6667|17.2167
Szczuczyn|13,23|3434|51.9333|21.3167
Szczyrk|39,07|5734|50.7|20.45
Szczytna|80,38|5247|51.7333|21.6833
Szczytno|10,62|23817|50.9|16.75
Szepietowo|1,96|2229|52.2333|20.2167
Szklarska Poreba|75,44|6651|52.7|20.4667
Szlichtyngowa|1,55|1301|51.3|18.35
Szprotawa|10,95|12082|50.2333|22.1167
Sztum|4,59|10218|52.4|22.2667
Szubin|7,65|9613|52.9833|22.7
Szydlowiec|21,89|11894|53.4|23.5
Scinawa|13,54|5712|53.0833|18.2333
Slesin|7,18|3132|51.1333|21.7833
Smigiel|5,3|5640|50.3667|20.8833
Srem|12,37|29947|49.4|22.45
Sroda Slaska|14,94|9399|52.55|21.2833
Sroda Wielkopolska|19,9|22917|54.2833|18.2
Swiatniki Gorne|4,44|2403|52.3833|18.5
Swidnica|21,76|57959|52.7833|20.7167
Swidnik|20,35|39885|54.4333|18.55
Swidwin|22,38|15521|53.85|21.15
Swiebodzice|30,43|22901|51.5167|23.0833
Swiebodzin|16,93|22010|50.2833|19.1333
Swiecie|11,87|25974|51.7667|23.3333
Swieradow-Zdroj|20,72|4240|50.2667|18.5333
Swierzawa|1,76|2315|51.4667|17.6167
Swietochlowice|13,31|50644|53.4|17.6833
Swinoujscie|197,23|41115|51.35|22.7667
Tarczyn|5,23|4105|53.9333|19.1667
Tarnobrzeg|85,4|47595|51.9833|20.8333
Tarnogrod|10,69|3406|51.0|21.7167
Tarnowskie Gory|83,72|61229|50.5333|23.4
Tarnow|72,38|110110|50.5833|21.6833
Tczew|22,38|60276|50.35|22.75
Terespol|10,11|5659|49.5667|25.6
Tluszcz|7,91|8088|49.7167|21.6
Tolkmicko|2,29|2729|52.4667|16.6667
Tomaszow Lubelski|13,29|19472|50.45|18.8667
Tomaszow Mazowiecki|41,3|63601|50.0333|21.0
Torun|115,72|202521|50.5833|18.0833
Torzym|9,11|2513|53.35|16.8333
Toszek|9,71|3602|49.3|19.95
Trzcianka|18,3|17228|50.45|19.0333
Trzciel|3,04|2494|54.1|18.7167
Trzcinsko-Zdroj|2,33|2350|51.3333|21.45
Trzebiatow|10,25|10127|50.5333|23.8333
Trzebinia|31,94|20007|52.2|20.4167
Trzebnica|10,61|13215|52.0833|23.6167
Trzemeszno|5,46|7761|50.5667|22.8833
Tuchola|17,69|13814|52.75|19.4667
Tuchow|18,1|6678|52.4333|21.45
Tuczno|9,21|1937|49.7333|19.8833
Tuliszkow|7|3334|54.3167|19.5167
Turek|16,17|27480|50.45|23.4167
Tuszyn|23,25|7280|51.5333|20.0333
Twardogora|8,29|6810|49.9|19.4833
Tychowo|3,96|2518|52.5167|18.7167
Tychy|81,81|128351|53.0333|18.6167
Tyczyn|9,67|3756|52.3167|15.0667
Tykocin|28,97|1995|50.4667|18.5167
Tyszowce|18,52|2129|51.1333|23.0167
Ujazd|14,76|1785|50.9167|23.65
Ujscie|5,78|3761|51.0333|16.45
Ulanow|8,2|1431|50.4|18.35
Uniejow|12,23|2984|51.6|19.9167
Urzedow|12,91|1682|49.4833|19.15
Ustka|10,19|15812|53.0667|16.7333
Ustron|59,03|16065|51.8|22.4833
Ustrzyki Dolne|16,79|9235|50.5|22.2833
Wadowice|10,54|19056|49.8833|19.5
Walbrzych|84,7|114568|50.2667|21.3
Walcz|38,17|25749|50.3667|18.0
Warka|26,77|11860|50.7|16.45
Warszawa|517,24|1753977|50.7833|16.2833
Warta|10,85|3303|53.2667|16.45
Wasilkow|28,26|10904|52.9|17.4667
Wabrzezno|8,53|13802|51.7833|21.2
Wachock|16,02|2805|53.5833|18.6333
Wagrowiec|17,83|25437|53.25|14.9833
Wasosz|3,24|2733|52.2|21.0333
Wejherowo|26,99|50039|52.15|21.05
Wegliniec|8,73|2915|52.2|20.9833
Wegorzewo|10,88|11509|52.2|21.1667
Wegorzyno|6,85|2889|52.2833|21.05
Wegrow|35,51|12771|52.2167|21.0167
Wiazow|9,16|2335|52.2333|20.9333
Wielen|4,46|6028|52.2667|20.9333
Wielichowo|1,24|1754|51.7|18.6333
Wieliczka|13,41|22442|51.2333|15.65
Wielun|16,87|22973|51.9667|19.0167
Wieruszow|5,97|8639|53.2|23.2
Wiecbork|4,31|5970|50.9|20.2167
Wilamowice|10,36|3058|53.2833|18.95
Wisla|110,17|11048|51.0833|21.0167
Witkowo|8,31|7921|51.1167|16.3333
Witnica|8,24|6822|52.8|17.2
Wlen|7,22|1837|53.1333|19.2833
Wladyslawowo|12,59|10020|52.8833|21.6833
Wloclawek|84,32|112483|51.5667|16.6833
Wlodawa|17,97|13415|51.2833|22.15
Wloszczowa|30,3|10165|54.6|18.25
Wodzislaw Slaski|49,51|48573|50.75|23.7667
Wojcieszow|32,17|3742|49.6167|19.1167
Wojkowice|12,79|9070|51.2833|15.2167
Wojnicz|8,5|3364|54.2167|21.75
Wolborz|15,18|2339|53.5333|15.55
Wolbrom|10,12|8732|52.4|22.0167
Wolin|14,47|4880|52.1833|21.3
Wolsztyn|4,78|13387|50.0833|22.7
Wolczyn|7,47|5959|50.8167|17.2833
Wolomin|17,24|37254|54.6667|17.6167
Wolow|18,54|12466|51.4333|18.95
Wozniki|71,01|4393|53.1167|14.3667
Wroclaw|292,82|637683|53.2|20.4833
Wronki|5,81|11284|53.4|20.9333
Wrzesnia|12,73|29984|52.9|16.1667
Wschowa|9,25|14123|52.75|19.2667
Wyrzysk|4,12|5162|51.0167|19.7667
Wysoka|4,82|2696|52.1167|16.35
Wysokie Mazowieckie|15,24|9415|49.9833|20.05
Wyszkow|20,78|27066|53.9833|22.5667
Wyszogrod|12,97|2664|53.0|18.4833
Wysmierzyce|16,84|912|50.1667|19.85
Zabludow|14,3|2479|50.1167|19.8
Zabrze|80,4|175459|53.0167|23.35
Zagorow|3,44|3017|51.95|15.7167
Zagorz|22,29|5074|52.5|21.4333
Zakliczyn|4,02|1664|50.3|18.7833
Zaklikow|11,42|3030|51.7667|18.85
Zakopane|84,26|27305|50.9667|20.6833
Zakroczym|19,97|3208|52.1667|17.9
Zalewo|8,22|2165|49.5167|22.2667
Zambrow|19,02|22196|51.2|15.8667
Zamosc|30,34|64648|49.85|20.8167
Zator|11,52|3701|50.7667|22.1167
Zawadzkie|16,46|7318|49.3|19.95
Zawichost|20,29|1817|52.4333|20.6167
Zawidow|6,07|4258|51.45|21.0
Zawiercie|85,25|50274|50.9|22.6
Zabki|10,98|34784|53.4167|17.1333
Zabkowice Slaskie|13,67|15352|52.75|18.6167
Zbaszynek|3,58|5026|50.9333|22.3667
Zbaszyn|5,42|7218|52.0333|23.3833
Zduny|6,2|4565|50.65|21.9
Zdunska Wola|24,57|42698|53.85|19.6
Zdzieszowice|12,35|11678|52.5333|20.5167
Zelow|10,75|7725|52.9833|22.25
Zgierz|42,33|56929|50.7167|23.2667
Zgorzelec|15,88|31089|52.1667|17.1667
Zielona Gora|278,32|139330|51.5333|18.8833
Zielonka|79,48|17499|52.7667|22.1333
Ziebice|15,07|8915|22.0167|49.5833
Zlocieniec|32,28|13142|49.9833|22.5333
Zloczew|13,79|3371|49.9833|19.4333
Zlotoryja|11,51|15873|52.6|21.1833
Zlotow|11,58|18482|53.15|22.65
Zloty Stok|7,73|2844|50.6167|18.4833
Zwierzyniec|6,19|3245|50.8167|21.85
Zwolen|15,91|7914|51.0167|15.0667
Zabno|11,13|4251|52.8167|19.8667
Zagan|40,38|26188|50.5|19.4167
Zarki|25,44|4564|49.6667|19.5667
Zarow|7,57|6873|51.3167|17.2
Zary|33,49|38048|52.2833|21.1167
Zelechow|12,13|4048|50.5833|16.8167
Zerkow|2,16|2122|52.25|15.8167
Zmigrod|9,49|6470|52.25|15.9167
Znin|8,35|14092|53.3333|19.3833
Zory|64,64|62013|53.9333|18.3333
Zukowo|4,73|6567|53.25|21.7833
Zuromin|11,18|8958|53.0|19.15
Zychlin|8,68|8376|50.4167|18.75
Zyrardow|14,35|40504|52.1|22.1
Zywiec|50,54|31662|51.6333|17.3667
